-6.38775510204082e+000   -3.90014070144185e-002
-6.36054421768707e+000    1.41501761995122e-002
-5.89795918367347e+000    2.49795402031781e-001
-4.75510204081633e+000   -8.19545882869277e-001
-4.10204081632653e+000   -1.22891737340097e+000
-3.74829931972789e+000   -1.16792781628781e+000
-2.79591836734694e+000    4.03952548761440e-001
-2.18367346938776e+000    1.42149504963276e+000
-9.18367346938775e-001    1.69570021557010e+000
 4.69387755102041e-001   -1.40058604086796e-001
 7.41496598639456e-001   -7.39472563218836e-001
 1.00000000000000e+000   -1.02011127031458e+000
 2.45578231292517e+000   -2.21824729891957e+000
 2.38775510204082e+000   -2.68888716777033e+000
 4.25170068027211e+000   -1.26811756960849e+000
 4.33333333333333e+000   -1.08589242148472e+000
 4.89115646258503e+000   -1.55605726161432e+000
 5.81632653061225e+000   -1.06199641146781e+000
 6.14285714285714e+000   -8.34044585576166e-001
-7.31292517006803e+000   -1.75507364236017e+000